PRICE = 11211.162267459144 + 15.113227712211142 [departure_time] + -111.65366022741797 [stops] + 75.14183650195682 [arrival_time] + -5135.9509618832535 [class] + 580.6454613187553 [duration] + -1670.9681009095104 [days_left]
Training Time: 66.41s

Logs:
MSE:2306286
RMSE: 1519
MAE:297
R2:0.86
